%YAML:1.0
---
camera intrinsic matrix: !!opencv-matrix
   rows: 3
   cols: 3
   dt: d
   data: [ 8.7122701690675672e+02, 0., 4.7597671961640486e+02, 0.,
       1.1570587544338243e+03, 6.1916295650116717e+02, 0., 0., 1. ]
camera optimized intrinsic matrix: !!opencv-matrix
   rows: 3
   cols: 3
   dt: d
   data: [ 9.0428961181640625e+02, 0., 4.7812604814795486e+02, 0.,
       1.2002363281250000e+03, 6.2242086768161971e+02, 0., 0., 1. ]
distortion coefficients: !!opencv-matrix
   rows: 1
   cols: 5
   dt: d
   data: [ 1.7235823971965289e-01, -5.1719619450765719e-01,
       4.5549953208942678e-03, 5.1820960269054039e-03,
       6.4706444739427404e-01 ]
pose R: !!opencv-matrix
   rows: 3
   cols: 1
   dt: d
   data: [ 1.4710142595056891e-01, -1.7830083978978502e-02,
       -4.0994363643254574e-02 ]
pose T: !!opencv-matrix
   rows: 3
   cols: 1
   dt: d
   data: [ -7.2267962068450245e+01, -3.3204378449932953e+01,
       1.8091248449462631e+02 ]
