%YAML:1.0
---
camera intrinsic matrix: !!opencv-matrix
   rows: 3
   cols: 3
   dt: d
   data: [ 5.9580953789872740e+02, 0., 3.0235433132624178e+02, 0.,
       5.9447675225906869e+02, 2.4554824053197606e+02, 0., 0., 1. ]
camera optimized intrinsic matrix: !!opencv-matrix
   rows: 3
   cols: 3
   dt: d
   data: [ 5.9695043945312500e+02, 0., 3.0070778633796726e+02, 0.,
       5.9721502685546875e+02, 2.4620672544789340e+02, 0., 0., 1. ]
distortion coefficients: !!opencv-matrix
   rows: 1
   cols: 5
   dt: d
   data: [ 1.0836496427408698e-01, -3.6836078096478897e-01,
       3.5868884606541081e-03, -7.2266806457133839e-03,
       -4.4127880463122654e-01 ]
pose R: !!opencv-matrix
   rows: 3
   cols: 1
   dt: d
   data: [ -2.0027369054744351e-02, -2.6175253130894260e-02,
       -1.5085942587554024e-01 ]
pose T: !!opencv-matrix
   rows: 3
   cols: 1
   dt: d
   data: [ -7.8835764517234367e+01, -5.3666876587055725e+01,
       2.4664393279596413e+02 ]
